        10        10       1.0      30.0
        11        11        11        11        11        11        11        11        11        11
       0.1       0.2       0.3       0.4       0.5       0.6       0.7       0.8       0.9       1.0
1
1.0
1
1.0
2
0.9 1.0
2
0.9 1.0
2
0.9 1.0
2
0.55 1.0
2
0.55 1.0
3
0.55 0.9 1.0
3
0.55 0.9 1.0
3
0.55 0.9 1.0
3
0.367 0.733 1.0
3
0.367 0.733 1.0
3
0.367 0.733 1.0
4
0.367 0.733 0.9 1.0
4
0.367 0.733 0.9 1.0
4
0.275 0.55 0.825 1.0
4
0.275 0.55 0.825 1.0
4
0.275 0.55 0.825 1.0
5
0.275 0.55 0.8 0.9 1.0
5
0.275 0.55 0.8 0.9 1.0
5
0.22 0.44 0.66 0.88 1.0
5
0.22 0.44 0.66 0.88 1.0
5
0.22 0.44 0.66 0.88 1.0
6
0.22 0.44 0.66 0.8 0.9 1.0
6
0.22 0.44 0.66 0.8 0.9 1.0
6
0.183 0.367 0.55 0.733 0.9 1.0
6
0.183 0.367 0.55 0.733 0.9 1.0
6
0.183 0.367 0.55 0.733 0.9 1.0
7
0.183 0.367 0.55 0.7 0.8 0.9 1.0
7
0.183 0.367 0.55 0.7 0.8 0.9 1.0
7
0.157 0.314 0.471 0.629 0.786 0.9 1.0
7
0.157 0.314 0.471 0.629 0.786 0.9 1.0
7
0.157 0.314 0.471 0.629 0.786 0.9 1.0
8
0.157 0.314 0.471 0.6 0.7 0.8 0.9 1.0
8
0.157 0.314 0.471 0.6 0.7 0.8 0.9 1.0
8
0.138 0.275 0.413 0.55 0.688 0.8 0.9 1.0
8
0.138 0.275 0.413 0.55 0.688 0.8 0.9 1.0
8
0.138 0.275 0.413 0.55 0.688 0.8 0.9 1.0
8
0.138 0.275 0.413 0.55 0.688 0.8 0.9 1.0
9
0.138 0.275 0.4 0.5 0.6 0.7 0.8 0.9 1.0
9
0.122 0.244 0.367 0.489 0.6 0.7 0.8 0.9 1.0
9
0.122 0.244 0.367 0.489 0.6 0.7 0.8 0.9 1.0
9
0.122 0.244 0.367 0.489 0.6 0.7 0.8 0.9 1.0
9
0.122 0.244 0.367 0.489 0.6 0.7 0.8 0.9 1.0
10
0.1 0.2 0.3 0.4 0.5 0.6 0.7 0.8 0.9 1.0
10
0.1 0.2 0.3 0.4 0.5 0.6 0.7 0.8 0.9 1.0
10
0.1 0.2 0.3 0.4 0.5 0.6 0.7 0.8 0.9 1.0
10
0.1 0.2 0.3 0.4 0.5 0.6 0.7 0.8 0.9 1.0
10
0.1 0.2 0.3 0.4 0.5 0.6 0.7 0.8 0.9 1.0
10
0.1 0.2 0.3 0.4 0.5 0.6 0.7 0.8 0.9 1.0
