        10        10       1.0      120.0
        11        11        11        11        11        11        11        11        11        11
       0.1       0.2       0.3       0.4       0.5       0.6       0.7       0.8       0.9       1
1
1.0
1
1.0
2
0.5 1.0
2
0.5 1.0
2
0.5 1.0
2
0.5 1.0
2
0.5 1.0
3
0.333 0.667 1.0
3
0.333 0.667 1.0
3
0.333 0.667 1.0
3
0.333 0.667 1.0
3
0.333 0.667 1.0
3
0.333 0.667 1.0
4
0.25 0.5 0.75 1.0
4
0.25 0.5 0.75 1.0
4
0.25 0.5 0.75 1.0
4
0.25 0.5 0.75 1.0
4
0.25 0.5 0.75 1.0
5
0.2 0.4 0.6 0.8 1.0
5
0.2 0.4 0.6 0.8 1.0
5
0.2 0.4 0.6 0.8 1.0
5
0.2 0.4 0.6 0.8 1.0
5
0.2 0.4 0.6 0.8 1.0
6
0.167 0.333 0.5 0.667 0.833 1.0
6
0.167 0.333 0.5 0.667 0.833 1.0
6
0.167 0.333 0.5 0.667 0.833 1.0
6
0.167 0.333 0.5 0.667 0.833 1.0
6
0.167 0.333 0.5 0.667 0.833 1.0
7
0.143 0.286 0.429 0.571 0.714 0.857 1.0
7
0.143 0.286 0.429 0.571 0.714 0.857 1.0
7
0.143 0.286 0.429 0.571 0.714 0.857 1.0
7
0.143 0.286 0.429 0.571 0.714 0.857 1.0
7
0.143 0.286 0.429 0.571 0.714 0.857 1.0
8
0.125 0.25 0.375 0.5 0.625 0.75 0.875 1.0
8
0.125 0.25 0.375 0.5 0.625 0.75 0.875 1.0
8
0.125 0.25 0.375 0.5 0.625 0.75 0.875 1.0
8
0.125 0.25 0.375 0.5 0.625 0.75 0.875 1.0
8
0.125 0.25 0.375 0.5 0.625 0.75 0.875 1.0
8
0.125 0.25 0.375 0.5 0.625 0.75 0.875 1.0
9
0.111 0.222 0.333 0.444 0.556 0.667 0.778 0.889 1.0
9
0.111 0.222 0.333 0.444 0.556 0.667 0.778 0.889 1.0
9
0.111 0.222 0.333 0.444 0.556 0.667 0.778 0.889 1.0
9
0.111 0.222 0.333 0.444 0.556 0.667 0.778 0.889 1.0
9
0.111 0.222 0.333 0.444 0.556 0.667 0.778 0.889 1.0
10
0.1 0.2 0.3 0.4 0.5 0.6 0.7 0.8 0.9 1.0
10
0.1 0.2 0.3 0.4 0.5 0.6 0.7 0.8 0.9 1.0
10
0.1 0.2 0.3 0.4 0.5 0.6 0.7 0.8 0.9 1.0
10
0.1 0.2 0.3 0.4 0.5 0.6 0.7 0.8 0.9 1.0
10
0.1 0.2 0.3 0.4 0.5 0.6 0.7 0.8 0.9 1.0
10
0.1 0.2 0.3 0.4 0.5 0.6 0.7 0.8 0.9 1.0
